16 420 5 52
6 440 5 146
46 1020 0 221
12 510 2 212
11 650 5 118
34 1120 0 329
34 760 2 111
3 400 5 266
6 400 4 166
35 1000 3 95
56 1120 0 200
32 950 1 296
23 760 5 66
68 1530 0 225
83 2080 0 250
53 1290 2 121
15 490 5 65
99 2140 0 216
56 880 2 78
28 860 3 102
5 440 5 176
5 470 5 188
76 1640 0 215
13 480 4 92
8 460 5 115
12 440 3 122
2 400 5 400
2 400 5 400
4 400 5 200
3 400 5 266
2 400 5 400
3 400 5 266
5 440 4 220
2 400 4 500
4 560 5 280
1 400 3 1333
6 400 3 222
4 450 3 375
1 400 5 800
26 400 3 51
3 400 5 266
1 400 4 1000
2 400 5 400
22 400 2 90
2 400 5 400
5 400 4 200
98 560 5 11
13 500 3 128
20 510 2 127
9 420 5 93
5 500 5 200
18 930 3 172
2 400 5 400
5 400 4 200
11 570 2 259
5 400 5 160
4 610 5 305
10 400 4 100
13 750 4 144
1 400 5 800
1 400 5 800
2 400 5 400
3 400 5 266
5 440 5 176
2 400 5 400
4 400 5 200
20 500 1 250
14 520 4 92
8 470 1 587
7 470 5 134
1 400 5 800
1 400 5 800
26 590 0 226
